0;32 
1;0 
2;1 
3;7 
Book        ,5 
Bottled Wine,3 
Car         ,4 
Chair       ,2 
Cup         ,7 
Dog         ,6 
Flower      ,1 
4;Mode A 
4;param1,1 
4;param2,5 
5;35 
1,7,4,-1,c5.jpg 
2,7,3,-1,c1.jpg 
3,1,2,-1,f3.jpg 
4,4,4,-1,c3.jpg 
5,1,3,-1,f4.jpg 
6,4,4,-1,c9.jpg 
7,3,2,-1,bw3.jpg 
8,4,4,-1,c6.jpg 
9,3,2,-1,bw5.jpg 
10,6,3,-1,d8.jpg 
11,2,3,-1,c7.jpg 
12,7,4,-1,c3.jpg 
13,6,2,-1,d5.jpg 
14,5,3,-1,b10.jpg 
15,6,4,-1,d6.jpg 
16,6,3,-1,d4.jpg 
17,1,3,-1,f2.jpg 
18,5,2,-1,b5.jpg 
19,5,5,-1,b1.jpg 
20,7,5,-1,c2.jpg 
21,3,3,-1,bw1.jpg 
22,2,2,-1,c10.jpg 
23,4,4,-1,c10.jpg 
24,2,4,-1,c9.jpg 
25,3,3,-1,bw4.jpg 
26,4,3,-1,c2.jpg 
27,1,3,-1,f5.jpg 
28,6,5,-1,d7.jpg 
29,2,4,-1,c8.jpg 
30,1,2,-1,f1.jpg 
31,2,2,-1,c6.jpg 
32,5,4,-1,b4.jpg 
33,7,5,-1,c4.jpg 
34,5,3,-1,b6.jpg 
35,3,2,-1,bw2.jpg 
