0;15 
1;6 
8,8 
11,11 
16,16 
23,23 
32,32 
45,45 
2;1 
3;5 
Cup         ,3 
Dog         ,1 
Flower      ,2 
House       ,4 
Motorcycle  ,5 
4;None            
4;param1,0 
4;param2,0 
5;150 
1,5,-1,6,m2.jpg 
2,2,-1,2,f3.jpg 
3,1,-1,3,d7.jpg 
4,1,-1,4,d5.jpg 
5,1,-1,6,d5.jpg 
6,3,-1,2,c5.jpg 
7,5,-1,4,m3.jpg 
8,1,-1,1,d7.jpg 
9,1,-1,2,d7.jpg 
10,4,-1,6,h1.jpg 
11,1,-1,4,d8.jpg 
12,1,-1,3,d8.jpg 
13,3,-1,4,c3.jpg 
14,5,-1,4,m1.jpg 
15,2,-1,1,f1.jpg 
16,2,-1,4,f1.jpg 
17,5,-1,2,m2.jpg 
18,4,-1,4,h5.jpg 
19,4,-1,5,h3.jpg 
20,1,-1,6,d7.jpg 
21,2,-1,6,f2.jpg 
22,1,-1,1,d4.jpg 
23,3,-1,6,c2.jpg 
24,2,-1,5,f3.jpg 
25,5,-1,6,m3.jpg 
26,3,-1,5,c2.jpg 
27,1,-1,3,d4.jpg 
28,1,-1,5,d8.jpg 
29,5,-1,4,m4.jpg 
30,3,-1,2,c3.jpg 
31,2,-1,1,f3.jpg 
32,5,-1,5,m2.jpg 
33,5,-1,1,m5.jpg 
34,3,-1,1,c3.jpg 
35,4,-1,3,h5.jpg 
36,4,-1,3,h2.jpg 
37,5,-1,4,m5.jpg 
38,4,-1,3,h3.jpg 
39,2,-1,2,f1.jpg 
40,2,-1,3,f1.jpg 
41,1,-1,4,d6.jpg 
42,4,-1,4,h1.jpg 
43,2,-1,6,f5.jpg 
44,3,-1,3,c2.jpg 
45,2,-1,6,f4.jpg 
46,4,-1,3,h1.jpg 
47,4,-1,4,h4.jpg 
48,3,-1,4,c1.jpg 
49,3,-1,6,c4.jpg 
50,5,-1,4,m2.jpg 
51,5,-1,1,m3.jpg 
52,2,-1,2,f4.jpg 
53,5,-1,6,m1.jpg 
54,4,-1,5,h5.jpg 
55,4,-1,1,h2.jpg 
56,5,-1,1,m2.jpg 
57,3,-1,6,c5.jpg 
58,5,-1,2,m1.jpg 
59,3,-1,3,c5.jpg 
60,2,-1,4,f2.jpg 
61,1,-1,4,d4.jpg 
62,1,-1,2,d6.jpg 
63,3,-1,5,c5.jpg 
64,4,-1,6,h5.jpg 
65,5,-1,5,m1.jpg 
66,5,-1,6,m4.jpg 
67,2,-1,4,f5.jpg 
68,5,-1,1,m1.jpg 
69,2,-1,5,f4.jpg 
70,3,-1,1,c1.jpg 
71,3,-1,2,c1.jpg 
72,3,-1,3,c1.jpg 
73,2,-1,6,f3.jpg 
74,3,-1,2,c4.jpg 
75,4,-1,3,h4.jpg 
76,1,-1,6,d4.jpg 
77,4,-1,6,h2.jpg 
78,5,-1,5,m4.jpg 
79,4,-1,1,h5.jpg 
80,4,-1,6,h3.jpg 
81,2,-1,3,f2.jpg 
82,5,-1,5,m5.jpg 
83,1,-1,5,d5.jpg 
84,4,-1,1,h1.jpg 
85,3,-1,5,c4.jpg 
86,5,-1,2,m3.jpg 
87,2,-1,4,f4.jpg 
88,5,-1,2,m5.jpg 
89,1,-1,5,d6.jpg 
90,1,-1,2,d5.jpg 
91,3,-1,3,c3.jpg 
92,4,-1,2,h2.jpg 
93,5,-1,3,m2.jpg 
94,1,-1,5,d7.jpg 
95,4,-1,4,h3.jpg 
96,5,-1,3,m5.jpg 
97,1,-1,1,d5.jpg 
98,1,-1,2,d8.jpg 
99,4,-1,4,h2.jpg 
100,2,-1,2,f2.jpg 
101,4,-1,1,h3.jpg 
102,4,-1,5,h4.jpg 
103,3,-1,3,c4.jpg 
104,2,-1,1,f4.jpg 
105,2,-1,5,f2.jpg 
106,3,-1,5,c1.jpg 
107,1,-1,4,d7.jpg 
108,3,-1,4,c2.jpg 
109,5,-1,3,m1.jpg 
110,2,-1,6,f1.jpg 
111,1,-1,3,d5.jpg 
112,3,-1,6,c3.jpg 
113,2,-1,3,f5.jpg 
114,2,-1,1,f2.jpg 
115,3,-1,2,c2.jpg 
116,2,-1,1,f5.jpg 
117,2,-1,3,f4.jpg 
118,1,-1,6,d8.jpg 
119,4,-1,2,h3.jpg 
120,1,-1,1,d8.jpg 
121,4,-1,5,h2.jpg 
122,5,-1,2,m4.jpg 
123,3,-1,5,c3.jpg 
124,1,-1,1,d6.jpg 
125,5,-1,1,m4.jpg 
126,4,-1,1,h4.jpg 
127,1,-1,3,d6.jpg 
128,2,-1,5,f1.jpg 
129,5,-1,3,m3.jpg 
130,3,-1,4,c4.jpg 
131,1,-1,5,d4.jpg 
132,2,-1,2,f5.jpg 
133,3,-1,6,c1.jpg 
134,5,-1,5,m3.jpg 
135,3,-1,1,c2.jpg 
136,1,-1,2,d4.jpg 
137,4,-1,6,h4.jpg 
138,5,-1,3,m4.jpg 
139,4,-1,2,h4.jpg 
140,3,-1,1,c4.jpg 
141,4,-1,5,h1.jpg 
142,1,-1,6,d6.jpg 
143,2,-1,5,f5.jpg 
144,4,-1,2,h1.jpg 
145,2,-1,3,f3.jpg 
146,2,-1,4,f3.jpg 
147,3,-1,4,c5.jpg 
148,4,-1,2,h5.jpg 
149,3,-1,1,c5.jpg 
150,5,-1,6,m5.jpg 
